inherited Form1_Surface: TForm1_Surface
  ClientHeight = 1920
  ClientWidth = 1080
  DesignerMasterStyle = 0
  inherited Memo1: TMemo
    Size.Width = 1080.000000000000000000
    Size.Height = 1920.000000000000000000
    Viewport.Width = 1080.000000000000000000
    Viewport.Height = 1920.000000000000000000
  end
end
